   Satellite ID          GPS Time         Pseudorange       Carrier Phase       C/N
              1        367021.015        24826930.110        24826939.575        51
              7        367021.015        24719887.544        24719906.151        49
             30        367021.015        25935082.402        25935079.700        49
             11        367021.015        24802687.688        24802697.222        48
              8        367021.015        27145112.418        27145117.890        47
             28        367021.015        28788294.222        28788316.386        42
             17        367021.015        28820021.031        28820037.140        42
             22        367021.015        28361324.532        28361352.354        41
              9        367021.015        29021819.298        29021819.399        41
              3        367021.015        29201211.891        29201215.622        41
             16        367021.015        29529618.238        29529614.167        39
             27        367021.015        29685906.095        29685933.918        38
            156        367021.015        40389975.442        40390005.560        48
             39        367021.015        26830767.984        26830781.098        47
            150        367021.015        41619915.333        41619925.161        44
             38        367021.015        30644320.444        30644324.631        33
             23        367021.015        29683215.265        29683214.505        40
              1        367022.015        24845072.734        24845082.195        51
              7        367022.015        24738139.756        24738158.353        49
             30        367022.015        25953005.550        25953002.833        49
             11        367022.015        24821092.764        24821102.282        48
              8        367022.015        27163804.045        27163809.554        47
             28        367022.015        28806199.294        28806221.399        42
             17        367022.015        28837979.376        28837995.514        42
             22        367022.015        28379279.272        28379307.116        41
              9        367022.015        29040512.512        29040512.614        41
              3        367022.015        29219078.816        29219082.588        41
             16        367022.015        29548270.485        29548266.339        39
             27        367022.015        29704677.796        29704705.562        38
            156        367022.015        40408296.739        40408326.856        48
             39        367022.015        26849017.959        26849031.070        47
            150        367022.015        41638206.313        41638216.110        44
             38        367022.015        30662226.163        30662230.193        33
             23        367022.015        29701911.514        29701910.745        40
              1        367023.015        24863215.147        24863224.620        51
              7        367023.015        24756391.774        24756410.359        49
             30        367023.015        25970928.467        25970925.735        49
             11        367023.015        24839497.610        24839507.125        48
              8        367023.015        27182495.378        27182500.892        47
             28        367023.015        28824103.999        28824126.044        42
             17        367023.015        28855937.458        28855953.598        42
             22        367023.015        28397233.690        28397261.561        41
              9        367023.015        29059205.367        29059205.464        41
              3        367023.015        29236945.380        29236949.187        41
             16        367023.015        29566922.428        29566918.225        39
             27        367023.015        29723449.145        29723476.846        38
            156        367023.015        40426617.737        40426647.861        48
             39        367023.015        26867267.674        26867280.778        47
            150        367023.015        41656496.976        41656506.736        44
             38        367023.015        30680131.657        30680135.447        33
             23        367023.015        29720607.446        29720606.598        40
              1        367024.015        24881357.832        24881367.318        51
              7        367024.015        24774644.052        24774662.639        49
             30        367024.015        25988851.601        25988848.887        49
             11        367024.015        24857902.697        24857912.222        48
              8        367024.015        27201186.829        27201192.370        47
             28        367024.015        28842008.836        28842030.815        42
             17        367024.015        28873895.694        28873911.869        42
             22        367024.015        28415188.246        28415216.161        41
              9        367024.015        29077898.307        29077898.435        41
              3        367024.015        29254812.073        29254815.895        41
             16        367024.015        29585574.539        29585570.282        39
             27        367024.015        29742220.622        29742248.239        38
            156        367024.015        40444938.879        40444969.031        48
             39        367024.015        26885517.508        26885530.680        47
            150        367024.015        41674787.805        41674797.515        44
             38        367024.015        30698037.310        30698040.913        33
             23        367024.015        29739303.458        29739302.545        40
              1        367025.016        24899500.679        24899510.160        51
              7        367025.016        24792896.485        24792915.072        49
             30        367025.016        26006774.868        26006772.159        49
             11        367025.016        24876307.924        24876317.453        48
              8        367025.016        27219878.313        27219883.872        47
             28        367025.016        28859913.638        28859935.583        42
             17        367025.016        28891854.057        28891870.219        42
             22        367025.016        28433142.844        28433170.787        41
              9        367025.016        29096591.288        29096591.401        41
              3        367025.016        29272678.753        29272682.595        41
             16        367025.016        29604226.641        29604222.390        39
             27        367025.016        29760992.086        29761019.636        38
            156        367025.016        40463260.105        40463290.259        48
             39        367025.016        26903767.463        26903780.661        47
            150        367025.016        41693078.633        41693088.305        44
             38        367025.016        30715943.072        30715946.425        33
             23        367025.016        29757999.373        29757998.452        40
              1        367026.016        24917643.586        24917653.088        51
              7        367026.016        24811149.032        24811167.593        49
             30        367026.016        26024698.161        26024695.482        49
             11        367026.016        24894713.237        24894722.747        48
              8        367026.016        27238569.712        27238575.322        47
             28        367026.016        28877818.330        28877840.266        42
             17        367026.016        28909812.444        28909828.561        42
             22        367026.016        28451097.365        28451125.375        41
              9        367026.016        29115284.161        29115284.291        41
              3        367026.016        29290545.373        29290549.215        40
             16        367026.016        29622878.679        29622874.487        39
             27        367026.016        29779763.380        29779790.953        38
            156        367026.016        40481581.321        40481611.468        48
             39        367026.016        26922017.436        26922030.640        47
            150        367026.016        41711369.392        41711379.051        44
             38        367026.016        30733848.841        30733851.947        33
             23        367026.016        29776695.171        29776694.258        40
              1        367027.016        24935786.743        24935796.278        51
              7        367027.016        24829401.818        24829420.374        49
             30        367027.016        26042621.685        26042619.043        49
             11        367027.016        24913118.801        24913128.285        48
              8        367027.016        27257261.237        27257266.912        46
             28        367027.016        28895723.115        28895745.056        42
             17        367027.016        28927770.995        28927787.083        42
              9        367027.016        29133977.198        29133977.287        41
             22        367027.016        28469052.038        28469080.107        41
              3        367027.016        29308412.139        29308415.919        40
             16        367027.016        29641530.907        29641526.750        39
             27        367027.016        29798534.756        29798562.372        38
            156        367027.016        40499902.696        40499932.840        48
             39        367027.016        26940267.614        26940280.816        47
            150        367027.016        41729660.291        41729669.945        44
             38        367027.016        30751754.725        30751757.643        33
             23        367027.016        29795391.014        29795390.148        40
              1        367028.016        24953930.078        24953939.648        51
              7        367028.016        24847654.806        24847673.337        49
             30        367028.016        26060545.352        26060542.754        49
             11        367028.016        24931524.517        24931533.986        48
              8        367028.016        27275952.779        27275958.548        46
             28        367028.016        28913627.934        28913649.876        42
             17        367028.016        28945729.643        28945745.699        42
              9        367028.016        29152670.244        29152670.310        41
             22        367028.016        28487006.821        28487034.899        41
              3        367028.016        29326278.899        29326282.655        40
             16        367028.016        29660183.246        29660179.093        39
             27        367028.016        29817306.141        29817333.831        38
            156        367028.016        40518224.156        40518254.291        48
             39        367028.016        26958517.870        26958531.092        47
            150        367028.016        41747951.084        41747960.880        45
             38        367028.016        30769660.619        30769663.427        33
             23        367028.016        29814087.004        29814086.032        40
              1        367029.016        24972073.309        24972082.892        51
              7        367029.016        24865907.687        24865926.181        49
             30        367029.016        26078468.855        26078466.311        49
             11        367029.016        24949930.073        24949939.545        48
              8        367029.016        27294644.087        27294649.932        46
             28        367029.016        28931532.481        28931554.417        42
             17        367029.016        28963688.082        28963704.108        42
              9        367029.016        29171363.014        29171363.057        41
             22        367029.016        28504961.417        28504989.445        41
              3        367029.016        29344145.333        29344149.097        40
             16        367029.016        29678835.390        29678831.210        39
             27        367029.016        29836077.254        29836104.993        38
            156        367029.016        40536545.409        40536575.520        48
             39        367029.016        26976767.913        26976781.173        47
            150        367029.016        41766241.739        41766251.563        45
             38        367029.016        30787566.243        30787569.014        33
             23        367029.016        29832782.655        29832781.604        40
              1        367030.016        24990216.905        24990226.490        51
              7        367030.016        24884160.904        24884179.380        49
             30        367030.016        26096392.681        26096390.196        49
             11        367030.016        24968335.987        24968345.441        48
              8        367030.016        27313335.647        27313341.537        46
             28        367030.016        28949437.185        28949459.157        42
             17        367030.016        28981646.745        28981662.788        42
             22        367030.016        28522916.300        28522944.224        41
              9        367030.016        29190055.981        29190055.999        41
              3        367030.016        29362011.958        29362015.738        40
             16        367030.016        29697487.829        29697483.591        39
             27        367030.016        29854849.227        29854876.247        38
            156        367030.016        40554866.903        40554897.001        48
             39        367030.016        26995018.265        26995031.531        47
            150        367030.016        41784532.740        41784542.482        45
             38        367030.016        30805472.089        30805474.866        33
             23        367030.016        29851478.511        29851477.350        40
              1        367031.016        25008360.366        25008369.960        51
              7        367031.016        24902413.999        24902432.456        49
             30        367031.016        26114316.350        26114313.926        49
             11        367031.016        24986741.728        24986751.192        48
              8        367031.016        27332026.954        27332032.889        46
             28        367031.016        28967341.641        28967363.620        42
             17        367031.016        28999605.193        28999621.263        42
             22        367031.016        28540870.896        28540898.757        41
              9        367031.016        29208748.620        29208748.657        41
              3        367031.016        29379878.296        29379882.078        40
             16        367031.016        29716140.019        29716135.758        39
             27        367031.016        29873620.341        29873647.171        38
            156        367031.016        40573188.179        40573218.258        48
             39        367031.016        27013268.401        27013281.684        47
            150        367031.016        41802823.423        41802833.133        45
             38        367031.016        30823377.670        30823380.499        33
             23        367031.016        29870173.983        29870172.782        40
              1        367032.016        25026504.202        25026513.790        51
              7        367032.016        24920667.438        24920685.892        49
             30        367032.016        26132240.384        26132237.989        49
             11        367032.016        25005147.817        25005157.283        48
              8        367032.016        27350718.516        27350724.468        46
             28        367032.016        28985246.268        28985268.277        42
             17        367032.016        29017563.937        29017580.007        42
             22        367032.016        28558825.727        28558853.531        41
              9        367032.016        29227441.457        29227441.517        41
              3        367032.016        29397744.819        29397748.621        40
             16        367032.016        29734792.452        29734788.177        39
             27        367032.016        29892391.997        29892418.449        38
            156        367032.016        40591509.701        40591539.773        48
             39        367032.016        27031518.848        27031532.125        47
            150        367032.016        41821114.261        41821124.017        45
             38        367032.016        30841283.571        30841286.415        33
             23        367032.016        29888869.583        29888868.395        40
              1        367033.016        25044648.352        25044657.931        51
              7        367033.016        24938921.178        24938939.640        49
             30        367033.016        26150164.712        26150162.330        49
             11        367033.016        25023554.199        25023563.663        48
              8        367033.016        27369410.246        27369416.226        46
             28        367033.016        29003151.081        29003173.092        42
             17        367033.016        29035522.897        29035538.979        42
             22        367033.016        28576780.730        28576808.495        41
              9        367033.016        29246134.470        29246134.530        41
              3        367033.016        29415611.495        29415615.301        40
             16        367033.016        29753445.100        29753440.803        39
             27        367033.016        29911163.393        29911189.891        38
            156        367033.016        40609831.438        40609861.500        48
             39        367033.016        27049769.516        27049782.801        47
            150        367033.016        41839405.389        41839415.099        45
             38        367033.016        30859189.653        30859192.553        33
             23        367033.016        29907565.290        29907564.128        39
              1        367034.016        25062792.398        25062801.975        51
              7        367034.016        24957174.831        24957193.299        49
             30        367034.016        26168088.937        26168086.555        49
             11        367034.016        25041960.465        25041969.939        48
              8        367034.016        27388101.766        27388107.766        46
             28        367034.016        29021055.637        29021077.663        42
             17        367034.016        29053481.724        29053497.780        42
             22        367034.016        28594735.485        28594763.241        42
              9        367034.016        29264827.236        29264827.305        41
              3        367034.016        29433477.945        29433481.740        40
             16        367034.016        29772097.553        29772093.239        39
             27        367034.016        29929934.785        29929961.096        38
            156        367034.016        40628152.974        40628183.040        48
             39        367034.016        27068020.005        27068033.304        47
            150        367034.016        41857696.334        41857705.942        45
             38        367034.016        30877095.639        30877098.521        33
             23        367034.016        29926260.738        29926259.593        39
              1        367035.016        25080936.422        25080945.998        51
              7        367035.016        24975428.455        24975446.937        49
             30        367035.016        26186013.107        26186010.725        49
             11        367035.016        25060366.690        25060376.170        48
              8        367035.016        27406793.133        27406799.151        46
             28        367035.016        29038960.023        29038982.053        42
             17        367035.016        29071440.432        29071456.477        42
             22        367035.016        28612690.101        28612717.850        41
              9        367035.016        29283519.826        29283519.893        41
              3        367035.016        29451344.198        29451347.985        40
             16        367035.016        29790749.925        29790745.550        39
             27        367035.016        29948705.865        29948732.106        38
            156        367035.016        40646474.386        40646504.454        48
             39        367035.016        27086270.399        27086283.714        47
            150        367035.016        41875987.057        41875996.640        45
             38        367035.016        30895001.448        30895004.372        33
             23        367035.016        29944956.010        29944954.845        39
              1        367036.016        25099080.718        25099090.298        51
              7        367036.016        24993682.377        24993700.852        49
             30        367036.016        26203937.535        26203935.145        49
             11        367036.016        25078773.175        25078782.658        48
              8        367036.016        27425484.636        27425490.680        46
             28        367036.016        29056864.512        29056886.554        42
             17        367036.016        29089399.331        29089415.361        42
             22        367036.016        28630644.841        28630672.609        41
              9        367036.016        29302212.548        29302212.598        41
              3        367036.016        29469210.561        29469214.338        41
             16        367036.016        29809402.472        29809398.054        39
             27        367036.016        29967476.931        29967503.232        38
            156        367036.016        40664795.970        40664826.039        48
             39        367036.016        27104521.033        27104534.327        47
            150        367036.016        41894277.883        41894287.495        45
             38        367036.016        30912907.527        30912910.414        33
             23        367036.016        29963651.386        29963650.183        39
              1        367037.016        25117225.131        25117234.720        51
              7        367037.016        25011936.419        25011954.895        49
             30        367037.016        26221862.058        26221859.660        49
             11        367037.016        25097179.768        25097189.257        48
              8        367037.016        27444176.144        27444182.209        46
             28        367037.016        29074768.992        29074791.047        42
             17        367037.016        29107358.265        29107374.292        42
             22        367037.016        28648599.583        28648627.378        41
              9        367037.016        29320905.233        29320905.281        41
              3        367037.016        29487076.894        29487080.662        41
             16        367037.016        29828055.040        29828050.577        39
             27        367037.016        29986248.072        29986274.343        38
            156        367037.016        40683117.597        40683147.658        48
             39        367037.016        27122771.668        27122784.984        47
            150        367037.016        41912568.706        41912578.349        45
             38        367037.016        30930813.671        30930816.496        33
             23        367037.016        29982346.713        29982345.480        39
              1        367038.016        25135369.711        25135379.303        51
              7        367038.016        25030190.623        25030209.102        49
             30        367038.016        26239786.715        26239784.307        49
             11        367038.016        25115586.510        25115595.993        48
              8        367038.016        27462867.661        27462873.764        46
             28        367038.016        29092673.456        29092695.518        42
             17        367038.016        29125317.269        29125333.292        42
             22        367038.016        28666554.385        28666582.185        41
              9        367038.016        29339597.928        29339597.956        41
              3        367038.016        29504943.204        29504946.970        41
             16        367038.016        29846707.680        29846703.169        39
             27        367038.016        30005019.252        30005045.443        38
            156        367038.016        40701439.278        40701469.336        48
             39        367038.016        27141022.400        27141035.732        47
            150        367038.016        41930859.590        41930869.219        45
             38        367038.016        30948719.881        30948722.667        33
             23        367038.016        30001041.959        30001040.738        39
              1        367039.016        25153514.686        25153524.282        51
              7        367039.016        25048445.240        25048463.709        49
             30        367039.016        26257711.752        26257709.325        49
             11        367039.016        25133993.648        25134003.116        48
              8        367039.016        27481559.470        27481565.593        46
             28        367039.016        29110578.185        29110600.257        42
             17        367039.016        29143276.617        29143292.622        42
             22        367039.016        28684509.466        28684537.268        41
              9        367039.016        29358290.867        29358290.892        41
              3        367039.016        29522809.773        29522813.531        41
             16        367039.016        29865360.628        29865356.048        39
             27        367039.016        30023790.648        30023816.810        38
            156        367039.016        40719761.263        40719791.313        48
             39        367039.016        27159273.452        27159286.792        47
            150        367039.016        41949150.734        41949160.380        45
             38        367039.016        30966626.443        30966629.141        33
             23        367039.016        30019737.426        30019736.220        39
              1        367040.016        25171659.572        25171669.170        51
              7        367040.016        25066699.768        25066718.223        49
             30        367040.016        26275636.667        26275634.222        49
             11        367040.016        25152400.644        25152410.120        48
              8        367040.016        27500251.043        27500257.190        46
             28        367040.016        29128482.677        29128504.727        42
             17        367040.016        29161235.761        29161251.757        42
              9        367040.016        29376983.523        29376983.564        41
             22        367040.016        28702464.328        28702492.143        41
              3        367040.016        29540676.052        29540679.815        41
             16        367040.016        29884013.392        29884008.748        39
             27        367040.016        30042561.801        30042587.893        38
            156        367040.016        40738083.036        40738113.094        48
             39        367040.016        27177524.344        27177537.700        47
            150        367040.016        41967441.616        41967451.307        45
             38        367040.016        30984532.764        30984535.435        33
             23        367040.016        30038432.610        30038431.405        39
             30        367041.017        26293561.443        26293558.972        49
              8        367041.017        27518942.365        27518948.532        46
             28        367041.017        29146386.883        29146408.930        42
              3        367041.017        29558542.077        29558545.834        41
             16        367041.017        29902665.885        29902661.176        39
             27        367041.017        30061332.576        30061358.694        39
              1        367041.017        25189804.341        25189813.954        51
            150        367041.017        41985735.931        41985741.884        45
             39        367041.017        27195775.047        27195788.426        47
             22        367041.017        28720418.979        28720446.788        41
             23        367041.017        30057127.574        30057126.340        39
             11        367041.017        25170807.493        25170816.979        48
              7        367041.017        25084954.206        25084972.655        49
              9        367041.017        29395675.912        29395675.959        41
             17        367041.017        29179194.739        29179210.734        42
             38        367041.017        31002438.911        31002441.570        33
              1        367042.017        25207948.999        25207959.464        27
              7        367042.017        25103208.560        25103227.588        26
             30        367042.017        26311491.587        26311484.356        20
             11        367042.017        25189214.161        25189224.627        25
              8        367042.017        27537633.952        27537640.421        20
             28        367042.017        29164290.375        29164313.208        18
             17        367042.017        29197152.057        29197169.943        20
              9        367042.017        29414360.739        29414368.160        19
              3        367042.017        29576413.243        29576411.530        14
             27        367042.017        30080102.650        30080129.480        19
             16        367042.017        29921321.778        29921313.786        14
             22        367042.017        28738368.355        28738401.844        12
             39        367042.017        27214022.559        27214039.457        26
             23        367042.017        30075822.310        30075821.358        21
            156        367042.017        40774724.386        40774725.538         0
             38        367042.017        31020334.514        31020347.956        10
              1        367043.017        25226097.558        25226104.788        29
              7        367043.017        25121465.163        25121482.669        29
             11        367043.017        25207621.335        25207631.800        27
             30        367043.017        26329412.950        26329409.525        27
              8        367043.017        27556323.957        27556332.139        24
             28        367043.017        29182196.912        29182218.033        21
             17        367043.017        29215110.258        29215128.905        20
             16        367043.017        29939964.618        29939966.711        18
              3        367043.017        29594271.774        29594277.863        20
             22        367043.017        28756331.124        28756356.432        17
              9        367043.017        29433059.355        29433060.877        20
             27        367043.017        30098871.018        30098900.131        19
             39        367043.017        27232267.495        27232290.155        15
             23        367043.017        30094510.892        30094516.220        14
            156        367043.017        40793033.313        40793047.715        24
             38        367043.017        31038229.828        31038253.640        10
              1        367044.017        25244242.758        25244248.657        32
             30        367044.017        26347340.694        26347334.415        29
              7        367044.017        25139718.863        25139739.414        29
             11        367044.017        25226025.833        25226038.582        29
              8        367044.017        27575014.576        27575023.329        26
              3        367044.017        29612135.176        29612143.739        23
              9        367044.017        29451752.616        29451753.187        24
             27        367044.017        30117644.671        30117670.550        21
             16        367044.017        29958622.679        29958619.254        24
             28        367044.017        29200092.156        29200122.030        23
             22        367044.017        28774284.942        28774311.011        23
             17        367044.017        29233065.470        29233087.733        23
             39        367044.017        27250525.845        27250540.823        27
            156        367044.017        40811375.757        40811369.228        25
             38        367044.017        31056151.792        31056159.281        16
             23        367044.017        30113210.965        30113211.155        21
             30        367045.017        26365270.876        26365259.409        33
              7        367045.017        25157964.528        25157995.544        33
             11        367045.017        25244439.385        25244445.811        32
              1        367045.017        25262385.794        25262393.685        36
              8        367045.017        27593711.334        27593714.379        30
              3        367045.017        29630001.267        29630009.450        27
             28        367045.017        29217997.759        29218025.350        26
             22        367045.017        28792233.102        28792264.499        25
              9        367045.017        29470440.931        29470444.737        27
             17        367045.017        29251025.456        29251046.767        18
             16        367045.017        29977274.127        29977272.414        27
             27        367045.017        30136419.301        30136440.423        27
             38        367045.017        31074056.511        31074065.729        20
             39        367045.017        27268774.667        27268790.989        27
             23        367045.017        30131903.166        30131907.162        25
            156        367045.017        40829690.571        40829689.995        19
             30        367046.017        26383194.315        26383185.026        31
              7        367046.017        25176223.690        25176250.329        31
             11        367046.017        25262845.748        25262853.586        31
              1        367046.017        25280530.037        25280539.437        29
              8        367046.017        27612404.165        27612405.877        29
              3        367046.017        29647869.539        29647875.628        25
             28        367046.017        29235906.962        29235929.415        24
             17        367046.017        29268994.260        29269005.296        21
              9        367046.017        29489131.450        29489136.397        21
             22        367046.017        28810183.582        28810217.452        24
             16        367046.017        29995936.711        29995926.626        18
             27        367046.017        30155170.508        30155211.228        18
            156        367046.017        40848006.345        40848011.530        15
             39        367046.017        27287033.037        27287041.486        17
             23        367046.017        30150591.782        30150601.867        23
             38        367046.017        31091968.508        31091972.733        19
             30        367047.017        26401118.047        26401110.634        31
              7        367047.017        25194483.100        25194506.029        31
             11        367047.017        25281253.165        25281261.357        30
              1        367047.017        25298676.568        25298685.217        29
              8        367047.017        27631097.019        27631097.482        29
              3        367047.017        29665732.407        29665742.683        24
             28        367047.017        29253823.229        29253834.075        23
             17        367047.017        29286950.712        29286964.413        20
              9        367047.017        29507834.791        29507828.893        20
             22        367047.017        28828149.698        28828172.152        20
             16        367047.017        30014589.100        30014580.537        19
             27        367047.017        30173958.158        30173981.753        18
            156        367047.017        40866334.501        40866332.772        18
             39        367047.017        27305278.473        27305292.683        18
             23        367047.017        30169291.292        30169296.239        22
             30        367048.017        26419041.814        26419036.021        30
              7        367048.017        25212738.112        25212761.286        30
              1        367048.017        25316822.331        25316830.829        29
             11        367048.017        25299660.042        25299668.955        30
              8        367048.017        27649788.965        27649788.785        28
              3        367048.017        29683595.845        29683607.833        23
             28        367048.017        29271713.558        29271738.104        23
             17        367048.017        29304910.808        29304923.937        20
              9        367048.017        29526520.093        29526521.045        20
             22        367048.017        28846092.654        28846127.286        19
             16        367048.017        30033245.241        30033233.443        19
             27        367048.017        30192742.487        30192751.620        18
            156        367048.017        40884657.408        40884654.143        18
             39        367048.017        27323523.495        27323543.850        17
             23        367048.017        30187983.196        30187990.427        22
             30        367049.017        26436967.138        26436961.805        30
              7        367049.017        25230994.795        25231016.953        30
              1        367049.017        25334968.839        25334976.860        29
             11        367049.017        25318068.060        25318076.956        29
              8        367049.017        27668479.470        27668480.354        28
             28        367049.017        29289628.024        29289641.534        23
              3        367049.017        29701474.389        29701473.628        23
             17        367049.017        29322865.240        29322884.078        20
              9        367049.017        29545214.676        29545212.582        20
             22        367049.017        28864053.548        28864082.090        19
             16        367049.017        30051897.558        30051886.141        19
             27        367049.017        30211496.327        30211521.634        18
            156        367049.017        40902972.425        40902976.458        18
             39        367049.017        27341779.634        27341794.612        17
             23        367049.017        30206682.218        30206685.072        21
             30        367050.017        26454892.396        26454887.525        30
              7        367050.017        25249251.089        25249272.626        30
              1        367050.017        25353115.254        25353122.862        29
             11        367050.017        25336475.901        25336484.882        29
              8        367050.017        27687169.851        27687171.776        27
             28        367050.017        29307525.231        29307545.210        23
              3        367050.017        29719352.046        29719339.487        23
             17        367050.017        29340837.394        29340843.864        20
             22        367050.017        28881999.716        28882036.250        19
              9        367050.017        29563905.870        29563903.968        20
             16        367050.017        30070548.329        30070539.196        19
             27        367050.017        30230270.461        30230291.773        18
            156        367050.017        40921296.314        40921298.234        18
             39        367050.017        27360021.100        27360045.872        18
             23        367050.017        30225380.428        30225380.428        21
             30        367051.017        26472818.147        26472813.436        30
              7        367051.017        25267507.032        25267528.466        30
              1        367051.017        25371261.553        25371269.026        29
             11        367051.017        25354884.251        25354892.975        29
              8        367051.017        27705857.341        27705863.263        27
             28        367051.017        29325436.463        29325449.592        22
              3        367051.017        29737212.193        29737204.962        22
             17        367051.017        29358789.123        29358803.204        20
              9        367051.017        29582603.576        29582595.965        20
             22        367051.017        28899966.133        28899991.250        20
             16        367051.017        30089202.637        30089193.123        19
             27        367051.017        30249035.692        30249061.570        18
            156        367051.017        40939615.589        40939620.390        18
             39        367051.017        27378268.514        27378297.126        17
             23        367051.017        30244069.057        30244075.146        21
              1        367052.017        25389407.890        25389415.421        29
             30        367052.017        26490744.188        26490739.501        30
              7        367052.017        25285762.494        25285784.523        29
             11        367052.017        25373292.715        25373301.280        29
              8        367052.017        27724548.627        27724554.906        27
             28        367052.017        29343345.282        29343354.225        22
              3        367052.017        29755081.954        29755070.918        22
             17        367052.017        29376745.092        29376762.598        20
              9        367052.017        29601298.554        29601288.089        20
             22        367052.017        28917920.076        28917945.954        20
             16        367052.017        30107861.212        30107846.751        19
             27        367052.017        30267808.375        30267832.160        18
            156        367052.017        40957937.255        40957942.248        18
             39        367052.017        27396525.789        27396547.680        17
             23        367052.017        30262775.341        30262769.443        21
              1        367053.017        25407554.523        25407562.093        29
              7        367053.017        25304018.478        25304040.830        29
             30        367053.017        26508670.378        26508665.819        29
             11        367053.017        25391701.162        25391709.818        29
              8        367053.017        27743236.823        27743246.908        27
             28        367053.017        29361238.915        29361257.943        22
              3        367053.017        29772937.519        29772935.997        22
             17        367053.017        29394717.688        29394722.255        20
              9        367053.017        29619982.972        29619980.308        20
             22        367053.017        28935871.622        28935901.306        20
             16        367053.017        30126516.990        30126499.865        19
             27        367053.017        30286588.303        30286602.574        19
            156        367053.017        40976253.745        40976264.883        18
             39        367053.017        27414785.567        27414799.393        17
             23        367053.017        30281471.945        30281463.763        21
              1        367054.017        25425700.866        25425708.692        29
             30        367054.017        26526596.599        26526592.034        29
              7        367054.017        25322274.909        25322297.101        29
             11        367054.017        25410109.463        25410118.305        28
              8        367054.017        27761936.242        27761938.335        27
             28        367054.017        29379140.374        29379162.066        22
              3        367054.017        29790802.970        29790802.018        22
             17        367054.017        29412682.409        29412681.648        21
              9        367054.017        29638673.488        29638672.727        20
             22        367054.017        28953829.576        28953856.597        20
             16        367054.017        30145164.524        30145153.297        19
             27        367054.017        30305359.995        30305373.505        19
            156        367054.017        40994582.467        40994587.459        18
             39        367054.017        27433041.911        27433050.936        17
             23        367054.017        30300162.030        30300157.844        21
              1        367055.017        25443847.677        25443855.428        29
             30        367055.017        26544522.978        26544518.371        29
              7        367055.017        25340531.412        25340553.516        29
             11        367055.017        25428518.180        25428526.874        28
              8        367055.017        27780622.868        27780629.909        27
             28        367055.017        29397047.008        29397066.797        22
              3        367055.017        29808668.172        29808668.553        22
             17        367055.017        29430629.222        29430641.209        21
              9        367055.017        29657367.427        29657364.953        20
             22        367055.017        28971783.782        28971811.753        20
             16        367055.017        30163810.472        30163806.286        19
             27        367055.017        30324120.411        30324144.196        19
            156        367055.017        41012903.763        41012909.716        18
             39        367055.017        27451275.285        27451302.937        17
             23        367055.017        30318867.476        30318852.634        21
              1        367056.017        25461994.481        25462002.353        29
             30        367056.017        26562449.388        26562444.875        29
              7        367056.017        25358788.084        25358810.110        29
             11        367056.017        25446927.159        25446935.646        28
              8        367056.017        27799312.065        27799321.389        26
             28        367056.017        29414948.058        29414970.131        22
              3        367056.017        29826537.809        29826533.623        22
             17        367056.017        29448591.575        29448601.089        21
              9        367056.017        29676064.286        29676057.056        20
             22        367056.017        28989748.336        28989766.793        20
             16        367056.017        30182462.960        30182458.393        19
             27        367056.017        30342896.591        30342915.429        19
            156        367056.017        41031233.877        41031231.765        18
             39        367056.017        27469537.899        27469555.566        17
             23        367056.017        30337565.259        30337547.182        20
              1        367057.018        25480141.407        25480149.321        29
             30        367057.018        26580375.914        26580371.380        29
              7        367057.018        25377044.986        25377066.750        29
             11        367057.018        25465336.129        25465344.434        28
              8        367057.018        27818008.019        27818012.776        26
             28        367057.018        29432847.967        29432874.607        22
              3        367057.018        29844403.862        29844398.914        21
             17        367057.018        29466545.507        29466560.920        21
              9        367057.018        29694769.557        29694749.578        20
             22        367057.018        29007702.558        29007721.396        20
             16        367057.018        30201104.479        30201111.900        19
             27        367057.018        30361668.485        30361686.752        19
            156        367057.018        41049547.644        41049553.789        18
             39        367057.018        27487789.609        27487808.236        17
             23        367057.018        30356252.933        30356241.896        20
              1        367058.018        25498288.973        25498296.879        29
             30        367058.018        26598302.937        26598298.463        29
              7        367058.018        25395302.373        25395324.019        29
             11        367058.018        25483745.561        25483753.775        28
              8        367058.018        27836695.606        27836704.549        26
             28        367058.018        29450756.488        29450779.322        22
              3        367058.018        29862270.387        29862264.679        21
             17        367058.018        29484504.950        29484520.744        21
              9        367058.018        29713450.738        29713441.604        20
             22        367058.018        29025662.966        29025676.667        20
             16        367058.018        30219749.765        30219764.988        19
             27        367058.018        30380442.153        30380457.946        19
            156        367058.018        41067873.163        41067876.235        18
             39        367058.018        27506040.369        27506059.764        17
             23        367058.018        30374948.302        30374936.504        20
              1        367059.018        25516436.309        25516444.203        30
              7        367059.018        25413559.620        25413581.000        29
             30        367059.018        26616229.633        26616225.282        29
             11        367059.018        25502154.635        25502162.893        28
              8        367059.018        27855388.565        27855396.366        26
             28        367059.018        29468663.309        29468683.478        21
              3        367059.018        29880127.045        29880130.280        21
             17        367059.018        29502468.737        29502480.915        21
              9        367059.018        29732136.184        29732133.901        20
             22        367059.018        29043613.095        29043631.362        20
             16        367059.018        30238414.005        30238419.142        19
             27        367059.018        30399210.132        30399228.208        19
            156        367059.018        41086197.156        41086199.268        18
             39        367059.018        27524293.191        27524310.858        18
             23        367059.018        30393632.848        30393630.564        20
              1        367060.018        25534583.859        25534591.883        30
              7        367060.018        25431817.163        25431838.369        29
             30        367060.018        26634156.665        26634152.397        29
             11        367060.018        25520563.988        25520572.315        28
              8        367060.018        27874080.994        27874088.225        26
             28        367060.018        29486565.687        29486587.950        21
              3        367060.018        29897993.094        29897995.187        21
             17        367060.018        29520426.191        29520441.223        21
              9        367060.018        29750828.518        29750826.996        20
             22        367060.018        29061569.094        29061586.980        20
             16        367060.018        30257068.290        30257073.998        19
             27        367060.018        30417980.751        30417998.638        19
            156        367060.018        41104517.910        41104522.711        18
             39        367060.018        27542543.228        27542563.007        18
             23        367060.018        30412315.915        30412324.288        20
              1        367061.018        25552731.110        25552739.150        30
             30        367061.018        26652083.333        26652079.097        29
              7        367061.018        25450074.213        25450095.321        29
             11        367061.018        25538973.065        25538981.351        28
              8        367061.018        27892780.605        27892779.083        26
             28        367061.018        29504473.980        29504491.866        21
              3        367061.018        29915856.054        29915860.430        21
             17        367061.018        29538392.223        29538401.166        21
              9        367061.018        29769527.891        29769518.757        20
             22        367061.018        29079520.047        29079541.549        20
             16        367061.018        30275729.793        30275727.700        19
             27        367061.018        30436746.962        30436768.654        19
            156        367061.018        41122841.749        41122845.781        18
             39        367061.018        27560794.743        27560814.522        18
             23        367061.018        30431015.282        30431018.136        20
              1        367062.018        25570878.865        25570886.881        30
              7        367062.018        25468331.788        25468352.730        29
             30        367062.018        26670010.457        26670006.240        29
             11        367062.018        25557382.459        25557390.791        28
              8        367062.018        27911461.711        27911471.035        26
             28        367062.018        29522375.350        29522396.281        21
              3        367062.018        29933727.772        29933726.630        21
             17        367062.018        29556357.806        29556361.612        21
              9        367062.018        29788204.512        29788209.840        20
             22        367062.018        29097471.318        29097495.674        20
             16        367062.018        30294379.826        30294379.826        19
             27        367062.018        30455514.843        30455538.818        19
            156        367062.018        41141166.616        41141168.537        19
             39        367062.018        27579047.781        27579066.216        18
             23        367062.018        30449710.467        30449712.370        20
              1        367063.018        25589027.039        25589035.013        30
              7        367063.018        25486589.521        25486610.548        29
             30        367063.018        26687937.912        26687933.741        29
             11        367063.018        25575792.311        25575800.620        27
              8        367063.018        27930150.118        27930163.438        26
             28        367063.018        29540282.370        29540300.637        21
             17        367063.018        29574307.828        29574321.719        21
              3        367063.018        29951597.541        29951592.593        21
              9        367063.018        29806897.657        29806901.843        20
             22        367063.018        29115430.542        29115450.331        20
             16        367063.018        30313044.327        30313032.529        19
             27        367063.018        30474287.346        30474309.799        19
            156        367063.018        41159485.524        41159491.477        18
             39        367063.018        27597297.764        27597318.311        18
             23        367063.018        30468399.501        30468407.112        20
              1        367064.018        25607175.413        25607183.345        30
              7        367064.018        25504847.470        25504868.550        29
             30        367064.018        26705865.499        26705861.416        28
             11        367064.018        25594202.503        25594210.631        27
              8        367064.018        27948850.932        27948855.879        26
             28        367064.018        29558183.100        29558204.222        21
             17        367064.018        29592263.476        29592281.363        21
              3        367064.018        29969458.302        29969459.063        21
              9        367064.018        29825598.089        29825594.474        20
             22        367064.018        29133383.070        29133405.713        20
             16        367064.018        30331692.807        30331686.338        19
             27        367064.018        30493059.583        30493081.275        19
            156        367064.018        41177803.874        41177815.012        18
             39        367064.018        27615555.764        27615570.934        18
             23        367064.018        30487101.354        30487100.783        20
              1        367065.018        25625323.490        25625331.475        30
              7        367065.018        25523105.316        25523126.398        29
             30        367065.018        26723794.982        26723788.876        28
             11        367065.018        25612612.446        25612620.449        27
              8        367065.018        27967540.261        27967547.491        25
             28        367065.018        29576072.827        29576108.029        21
             17        367065.018        29610226.907        29610241.940        21
              3        367065.018        29987322.035        29987324.319        21
              9        367065.018        29844299.698        29844286.569        20
             22        367065.018        29151336.253        29151360.989        20
             16        367065.018        30350349.824        30350339.929        19
             27        367065.018        30511829.501        30511852.335        19
            156        367065.018        41196139.445        41196138.292        18
             39        367065.018        27633807.820        27633823.182        18
             23        367065.018        30505796.979        30505794.886        20
              1        367066.018        25643471.717        25643479.705        30
              7        367066.018        25541363.304        25541384.316        28
             30        367066.018        26741721.086        26741716.388        28
             11        367066.018        25631022.463        25631030.305        27
              8        367066.018        27986233.707        27986239.035        25
             28        367066.018        29593984.085        29594011.676        21
             17        367066.018        29628182.585        29628202.184        21
              3        367066.018        30005184.574        30005189.141        21
              9        367066.018        29862993.865        29862978.642        20
             22        367066.018        29169297.649        29169315.726        20
             16        367066.018        30369008.528        30368992.544        19
             27        367066.018        30530591.047        30530622.253        19
            156        367066.018        41214450.243        41214461.381        18
             39        367066.018        27652068.620        27652075.917        18
             23        367066.018        30524490.405        30524488.693        20
              1        367067.018        25661619.908        25661627.887        30
              7        367067.018        25559621.290        25559642.207        28
             30        367067.018        26759647.382        26759643.864        28
             11        367067.018        25649432.421        25649440.124        27
              8        367067.018        28004918.491        28004930.289        25
             17        367067.018        29646143.151        29646162.369        21
             28        367067.018        29611893.795        29611915.107        21
              3        367067.018        30023048.918        30023053.485        21
              9        367067.018        29881683.376        29881670.246        20
             22        367067.018        29187246.116        29187270.853        20
             16        367067.018        30387646.234        30387646.425        19
             27        367067.018        30549369.082        30549390.774        19
            156        367067.018        41232778.751        41232783.552        18
             39        367067.018        27670309.232        27670328.819        18
             23        367067.018        30543178.578        30543182.193        20
              1        367068.018        25679768.426        25679776.410        30
              7        367068.018        25577879.555        25577900.443        28
             30        367068.018        26777574.515        26777571.624        28
             11        367068.018        25667842.792        25667850.283        27
              8        367068.018        28023611.388        28023622.044        25
             28        367068.018        29629796.368        29629818.821        21
             17        367068.018        29664114.107        29664122.669        21
              3        367068.018        30040914.550        30040918.736        21
              9        367068.018        29900376.206        29900362.125        20
             22        367068.018        29205203.101        29205225.364        20
             16        367068.018        30406295.889        30406300.836        19
             27        367068.018        30568137.971        30568160.044        18
            156        367068.018        41251095.824        41251105.425        18
             39        367068.018        27688559.925        27688581.816        18
             23        367068.018        30561880.451        30561875.884        20
              1        367069.018        25697916.894        25697924.777        30
              7        367069.018        25596137.337        25596158.513        28
             30        367069.018        26795501.836        26795499.185        28
             11        367069.018        25686252.784        25686260.237        27
              8        367069.018        28042306.904        28042312.993        25
             17        367069.018        29682066.739        29682083.674        21
             28        367069.018        29647701.988        29647722.158        21
              3        367069.018        30058782.566        30058784.659        21
              9        367069.018        29919073.102        29919053.312        20
             22        367069.018        29223155.716        29223179.692        20
             16        367069.018        30424943.434        30424956.183        19
             27        367069.018        30586901.073        30586930.948        18
            156        367069.018        41269414.019        41269426.885        18
             39        367069.018        27706820.752        27706834.386        18
             23        367069.018        30580569.290        30580569.481        20
              1        367070.018        25716065.314        25716073.248        30
              7        367070.018        25614395.484        25614416.702        28
             30        367070.018        26813429.569        26813426.880        28
             11        367070.018        25704662.853        25704670.307        27
              8        367070.018        28061001.587        28061003.871        25
             17        367070.018        29700034.666        29700043.990        21
             28        367070.018        29665611.704        29665624.833        21
              3        367070.018        30076649.299        30076649.680        21
              9        367070.018        29937765.383        29937743.881        20
             22        367070.018        29241116.482        29241133.988        20
             16        367070.018        30443595.071        30443610.674        19
             27        367070.018        30605676.782        30605701.708        18
            156        367070.018        41287743.623        41287747.847        18
             39        367070.018        27725064.215        27725086.106        18
             23        367070.018        30599258.829        30599262.444        19
              1        367071.018        25734214.064        25734222.029        30
              7        367071.018        25632653.995        25632675.178        28
             30        367071.018        26831357.594        26831354.794        28
             11        367071.018        25723073.208        25723080.649        27
              8        367071.018        28079686.169        28079695.112        25
             17        367071.018        29717984.924        29718003.952        21
             28        367071.018        29683510.441        29683528.708        21
              3        367071.018        30094514.625        30094515.006        21
              9        367071.018        29956440.483        29956435.155        20
             22        367071.018        29259075.849        29259088.788        20
             16        367071.018        30462239.463        30462263.819        19
             27        367071.018        30624455.508        30624472.062        18
            156        367071.018        41306063.325        41306070.622        18
             39        367071.018        27743319.298        27743338.500        18
             23        367071.018        30617953.134        30617956.179        19
              1        367072.018        25752362.794        25752370.760        30
              7        367072.018        25650912.629        25650933.627        28
             30        367072.018        26849285.544        26849282.656        28
             11        367072.018        25741483.462        25741490.904        27
              8        367072.018        28098385.409        28098386.932        25
             17        367072.018        29735959.914        29735964.290        21
             28        367072.018        29701417.349        29701431.620        21
              3        367072.018        30112377.597        30112380.070        21
              9        367072.018        29975128.216        29975126.503        20
             22        367072.018        29277029.346        29277044.569        20
             16        367072.018        30480900.595        30480917.150        19
             27        367072.018        30643213.826        30643242.178        18
             39        367072.018        27761565.864        27761590.251        18
            156        367072.018        41324395.975        41324394.054        18
             23        367072.018        30636661.381        30636649.584        19
              1        367073.018        25770511.761        25770519.757        30
              7        367073.018        25669171.413        25669192.344        28
             30        367073.018        26867213.531        26867210.769        28
             11        367073.018        25759893.894        25759901.390        27
              8        367073.018        28117074.083        28117078.269        25
             17        367073.018        29753927.913        29753925.059        21
             28        367073.018        29719318.891        29719335.445        21
              3        367073.018        30130241.571        30130245.948        21
              9        367073.018        29993820.143        29993819.002        20
             22        367073.018        29294979.217        29294999.767        20
             16        367073.018        30499556.551        30499570.822        19
             27        367073.018        30661981.737        30662013.134        18
            156        367073.018        41342719.693        41342717.196        18
             39        367073.018        27779826.303        27779842.625        18
             23        367073.018        30655349.414        30655342.755        19
              1        367074.019        25788660.774        25788668.875        30
              7        367074.019        25687430.335        25687451.192        28
             30        367074.019        26885141.452        26885138.947        28
             11        367074.019        25778304.507        25778312.062        27
              8        367074.019        28135762.072        28135769.874        25
             17        367074.019        29771878.461        29771885.692        21
             28        367074.019        29737214.649        29737239.386        21
              3        367074.019        30148097.230        30148111.121        21
              9        367074.019        30012523.400        30012511.412        20
             22        367074.019        29312934.852        29312955.593        20
             16        367074.019        30518211.440        30518224.570        19
             27        367074.019        30680758.731        30680783.848        18
             39        367074.019        27798075.444        27798095.415        18
            156        367074.019        41361034.027        41361040.172        18
             23        367074.019        30674032.486        30674035.340        19
              1        367075.019        25806810.406        25806818.516        30
              7        367075.019        25705689.686        25705710.556        28
             30        367075.019        26903070.155        26903067.646        28
             11        367075.019        25796715.559        25796723.172        27
              8        367075.019        28154456.105        28154461.623        25
             17        367075.019        29789832.983        29789846.493        21
             28        367075.019        29755113.659        29755142.582        21
              3        367075.019        30165966.965        30165975.528        21
             22        367075.019        29330889.059        29330911.132        20
              9        367075.019        30031216.570        30031203.631        20
             16        367075.019        30536866.866        30536879.044        19
             27        367075.019        30699525.470        30699553.822        18
             39        367075.019        27816326.593        27816348.292        18
            156        367075.019        41379355.946        41379362.475        18
             23        367075.019        30692724.621        30692727.094        19
              1        367076.019        25824959.569        25824967.729        30